Mode: 1
[100, 100] * [100, 100] : 0.005866
[200, 200] * [200, 200] : 0.048992
[300, 300] * [300, 300] : 0.172231
[400, 400] * [400, 400] : 0.404027
[500, 500] * [500, 500] : 0.794423
[600, 600] * [600, 600] : 1.391884
[700, 700] * [700, 700] : 2.383072
[800, 800] * [800, 800] : 3.545672
[900, 900] * [900, 900] : 6.278553
[1000, 1000] * [1000, 1000] : 8.081593
[1100, 1100] * [1100, 1100] : 12.240158
[1200, 1200] * [1200, 1200] : 14.299724
[1300, 1300] * [1300, 1300] : 20.510960
[1400, 1400] * [1400, 1400] : 23.145634
[1500, 1500] * [1500, 1500] : 31.716433
[1600, 1600] * [1600, 1600] : 35.679971
[1700, 1700] * [1700, 1700] : 47.705752
[1800, 1800] * [1800, 1800] : 53.909055
[1900, 1900] * [1900, 1900] : 73.711873
[2000, 2000] * [2000, 2000] : 76.483606
Mode: 2
[100, 100] * [100, 100] : 0.003407
[200, 200] * [200, 200] : 0.025787
[300, 300] * [300, 300] : 0.085344
[400, 400] * [400, 400] : 0.203603
[500, 500] * [500, 500] : 0.397927
[600, 600] * [600, 600] : 0.700220
[700, 700] * [700, 700] : 1.167209
[800, 800] * [800, 800] : 1.878283
[900, 900] * [900, 900] : 3.203405
[1000, 1000] * [1000, 1000] : 4.125734
[1100, 1100] * [1100, 1100] : 6.164183
[1200, 1200] * [1200, 1200] : 7.297915
[1300, 1300] * [1300, 1300] : 10.325189
[1400, 1400] * [1400, 1400] : 11.544747
[1500, 1500] * [1500, 1500] : 15.677286
[1600, 1600] * [1600, 1600] : 17.707821
[1700, 1700] * [1700, 1700] : 22.838477
[1800, 1800] * [1800, 1800] : 26.568582
[1900, 1900] * [1900, 1900] : 36.823495
[2000, 2000] * [2000, 2000] : 38.491143
Mode: 4
[100, 100] * [100, 100] : 0.002123
[200, 200] * [200, 200] : 0.013725
[300, 300] * [300, 300] : 0.044993
[400, 400] * [400, 400] : 0.104886
[500, 500] * [500, 500] : 0.207912
[600, 600] * [600, 600] : 0.365011
[700, 700] * [700, 700] : 0.703520
[800, 800] * [800, 800] : 1.132572
[900, 900] * [900, 900] : 1.822582
[1000, 1000] * [1000, 1000] : 2.408056
[1100, 1100] * [1100, 1100] : 3.456506
[1200, 1200] * [1200, 1200] : 4.197993
[1300, 1300] * [1300, 1300] : 5.950294
[1400, 1400] * [1400, 1400] : 6.857423
[1500, 1500] * [1500, 1500] : 9.267619
[1600, 1600] * [1600, 1600] : 11.033760
[1700, 1700] * [1700, 1700] : 14.026069
[1800, 1800] * [1800, 1800] : 15.910368
[1900, 1900] * [1900, 1900] : 21.503636
[2000, 2000] * [2000, 2000] : 23.434931
Mode: 8
[100, 100] * [100, 100] : 0.004860
[200, 200] * [200, 200] : 0.015675
[300, 300] * [300, 300] : 0.037792
[400, 400] * [400, 400] : 0.096556
[500, 500] * [500, 500] : 0.176564
[600, 600] * [600, 600] : 0.357141
[700, 700] * [700, 700] : 0.610619
[800, 800] * [800, 800] : 0.782668
[900, 900] * [900, 900] : 1.329168
[1000, 1000] * [1000, 1000] : 2.095122
[1100, 1100] * [1100, 1100] : 2.467258
[1200, 1200] * [1200, 1200] : 3.462268
[1300, 1300] * [1300, 1300] : 4.606251
[1400, 1400] * [1400, 1400] : 6.264677
[1500, 1500] * [1500, 1500] : 7.489619
[1600, 1600] * [1600, 1600] : 10.192902
[1700, 1700] * [1700, 1700] : 11.626754
[1800, 1800] * [1800, 1800] : 13.985256
[1900, 1900] * [1900, 1900] : 16.495144
[2000, 2000] * [2000, 2000] : 20.209460
